0 -1.55704116 -10 -0 0
0 -0 0
0 -0 0
0 -0 0
0 -0 0
0 -0 0
0 -0 0
0 -0 0
0 -0 0
0 -0 0
0 -0 0
0 -0 0
0 -0 0
0 -0 0
0 -0 0
0 -0 0
0 -0 0
0 -0 0
0 -0 0
0 -0 0
0 -0 0
0 -0 0
0 -0 0
0 -0 0
0 -0 0
0 -0 0
0 -0 0
0 -0 0
0 -0 0
0 -0 0
0 -0 0
0 -0 0
0 -0 0
0 -0 0
0 -0 0
0 -0 0
0 -0 0
0 -0 0
0 -0 0
0 -0 0
0 -0 0
0 -0 0
0 -0 0
0 -0 0
0 -0 0
0 -0 0
0 -0 0
0 -0 0
0 -0 0
0 -0 0
0 -0 0
0 -0 0
0 -0 0
0 -0 0
0 -0 0
0 -0 0
0 -0 0
0 -0 0
0 -0 0
0 -0 0
0 -0 0
0 -0 0
0 -0 0
0 -0 0
0 -0 0
0 -0 0
0 -0 0
0 -0 0
0 -0 0
0 -0 0
0 -0 0
0 -0 0
0 -0 0
0 -0 0
0 -0 0
0 -0 0
0 -0 0
0 -0 0
0 -0 0
0 -0 0
0 -0 0
0 -0 0
0 -0 00 0 -0 00 -0 0
0 -0 0
0 -0 0
0 -0 0
0 -0 0
0 -0 0
0 -0 0
0 -0 0
0 -0 0
0 -0 0
0 -0 0
0 0 -0 00 0 -0 00 0 -0 00 0 -0 0
0 -0 0
0 -0 0
0 -0 0
0 -0 0
0 -0 0
0 -0 0
0 -0 0
0 -0 0
0 -0 0
0 -0 0
0 -0 0
0 -0 0
0 -0 0
0 -0 0
0 -0 0
0 -0 0
0 -0 0
0 -0 0
0 -0 0
0 -0 0
0 -0 0
0 -0 0
0 -0 0
0 -0 0
0 -0 0
0 -0 0
0 -0 0
0 -0 0
0 -0 0
0 -0 0
0 -0 0
0 -0 0
0 -0 0
0 -0 0
0 -0 0
0 -0 0
0 -0 0
0 -0 0
0 -0 0
0 -0 0
0 -0 0
0 -0 0
0 -0 0
0 -0 0
0 -0 0
0 -0 0
0 -0 0
0 -0 0
0 -0 0
0 -0 0
0 -0 0
0 -0 0
0 -0 0
0 -0 0
0 -0 0
0 -0 0
0 -0 0
0 -0 0
0 -0 0
0 -0 0
0 -0 0
0 -0 0
0 -0 0
0 -0 0
0 -0 0
0 -0 0
0 -0 0
0 -0 0
0 -0 0
0 -0 0
0 -0 0
0 -0 0
0 -0 0
0 -0 0
0 -0 0
0 -0 0
0 -0 0
0 -0 0
0 -0 0
0 -0 0
0 -0 0
0 -0 0
0 -0 0
0 -0 0
0 -0 0
0 -0 0
0 -0 0
0 -0 0
0 -0 0
0 -0 0
0 -0 0
0 -0 0
0 -0 0
0 -0 0
0 -0 0
0 -0 0
0 -0 0
0 -0 0
0 -0 0
0 -0 0
0 -0 0
-0 0
0 -0 0
0 -0 0
0 -0 0
18 -0 0
9.544997491e-318 -0 0
9.545022194e-318 -0 0
1.766225396e-318 -0 0
1.766225396e-318 -0 0
0 -0 0
1.18745301e-315 -0 0
9.545022194e-318 -0 0
9.545022194e-318 -0 0
0 -0 0
0 -0 0
0 -0 0
0 -0 0
0 -0 0
0 -0 0
0 -0 0
0 -0 0
0 -0 0
0 -0 0
0 -0 0
0 -0 0
0 -0 0
0 -0 0
0 -0 0
0 -0 0
0 -0 0
0 -0 0
0 -0 0
0 -0 0
0 -0 0
0 -0 0
0 -0 0
0 -0 0
0 -0 0
0 -0 0
0 -0 0
0 -0 0
0 -0 0
0 -0 0
0 -0 0
0 -0 0
0 -0 0
0 -0 0
0 -0 0
0 -0 0
0 -0 0
0 -0 0
0 -0 0
0 -0 0
0 -0 0
0 -0 0
0 -0 0
0 -0 0
d)
-6.277438562e+60 -2.4882081 -nan(ind)
-6.277438562e+60 -2.55112804 -nan(ind)
-6.277438562e+60 -2.61501518 -nan(ind)
-6.277438562e+60 -2.67984904 -nan(ind)
-6.277438562e+60 -2.7456114 -nan(ind)
-6.277438562e+60 -2.81225976 -nan(ind)
-6.277438562e+60 -2.87974523 -nan(ind)
-6.277438562e+60 -2.94800013 -nan(ind)
-6.277438562e+60 -3.01692596 -nan(ind)
-6.277438562e+60 -3.08639999 -nan(ind)
-6.277438562e+60 -3.15626986 -nan(ind)
-6.277438562e+60 -3.22636421 -nan(ind)
-6.277438562e+60 -3.29646933 -nan(ind)
-6.277438562e+60 -3.3663407 -nan(ind)
-6.277438562e+60 -3.43569834 -nan(ind)
-6.277438562e+60 -3.50424412 -nan(ind)
-6.277438562e+60 -3.57165691 -nan(ind)
-6.277438562e+60 -3.63757673 -nan(ind)
-6.277438562e+60 -3.70160732 -nan(ind)
-6.277438562e+60 -3.76332856 -nan(ind)
-6.277438562e+60 -3.82231295 -nan(ind)
-6.277438562e+60 -3.87814939 -nan(ind)
-6.277438562e+60 -3.9304477 -nan(ind)
-6.277438562e+60 -3.97885687 -nan(ind)
-6.277438562e+60 -4.02309904 -nan(ind)
-6.277438562e+60 -4.06295893 -nan(ind)
-6.277438562e+60 -4.09827527 -nan(ind)
-6.277438562e+60 -4.12896537 -nan(ind)
-6.277438562e+60 -4.15500832 -nan(ind)
-6.277438562e+60 -4.17645602 -nan(ind)
-6.277438562e+60 -4.19340478 -nan(ind)
-6.277438562e+60 -4.20597103 -nan(ind)
-6.277438562e+60 -4.2143002 -nan(ind)
-6.277438562e+60 -4.21859416 -nan(ind)
-6.277438562e+60 -4.21905787 -nan(ind)
-6.277438562e+60 -4.21588983 -nan(ind)
-6.277438562e+60 -4.20933194 -nan(ind)
-6.277438562e+60 -4.19959938 -nan(ind)
-6.277438562e+60 -4.1869147 -nan(ind)
-6.277438562e+60 -4.17150196 -nan(ind)
-6.277438562e+60 -4.15356463 -nan(ind)
-6.277438562e+60 -4.13330701 -nan(ind)
-6.277438562e+60 -4.11091589 -nan(ind)
-6.277438562e+60 -4.08657355 -nan(ind)
-6.277438562e+60 -4.06044681 -nan(ind)
-6.277438562e+60 -4.03268747 -nan(ind)
-6.277438562e+60 -4.00343602 -nan(ind)
-6.277438562e+60 -3.97283613 -nan(ind)
-6.277438562e+60 -3.94102134 -nan(ind)
-6.277438562e+60 -3.90810416 -nan(ind)
-6.277438562e+60 -3.87419455 -nan(ind)
-6.277438562e+60 -3.83938595 -nan(ind)
-6.277438562e+60 -3.80378304 -nan(ind)
-6.277438562e+60 -3.76748824 -nan(ind)
-6.277438562e+60 -3.73059051 -nan(ind)
-6.277438562e+60 -3.69317078 -nan(ind)
-6.277438562e+60 -3.65530595 -nan(ind)
-6.277438562e+60 -3.61706746 -nan(ind)
-6.277438562e+60 -3.57852753 -nan(ind)
-6.277438562e+60 -3.53975781 -nan(ind)
-6.277438562e+60 -3.50082829 -nan(ind)
-6.277438562e+60 -3.46180338 -nan(ind)
-6.277438562e+60 -3.42274799 -nan(ind)
-6.277438562e+60 -3.38372035 -nan(ind)
-6.277438562e+60 -3.34477929 -nan(ind)
-6.277438562e+60 -3.3059784 -nan(ind)
-6.277438562e+60 -3.26737218 -nan(ind)
-6.277438562e+60 -3.22901262 -nan(ind)
-6.277438562e+60 -3.19095015 -nan(ind)
-6.277438562e+60 -3.15323276 -nan(ind)
-6.277438562e+60 -3.11590493 -nan(ind)
-6.277438562e+60 -3.07901235 -nan(ind)
-6.277438562e+60 -3.04259878 -nan(ind)
-6.277438562e+60 -3.00669948 -nan(ind)
-6.277438562e+60 -2.97134998 -nan(ind)
-6.277438562e+60 -2.93657989 -nan(ind)
-6.277438562e+60 -2.9024164 -nan(ind)
-6.277438562e+60 -2.86888066 -nan(ind)
-6.277438562e+60 -2.83599577 -nan(ind)
-6.277438562e+60 -2.80377749 -nan(ind)
-6.277438562e+60 -2.77224025 -nan(ind)
-6.277438562e+60 -2.74139261 -nan(ind)
-6.277438562e+60 -2.71123756 -nan(ind)
-6.277438562e+60 -2.68177319 -nan(ind)
-6.277438562e+60 -2.65299302 -nan(ind)
-6.277438562e+60 -2.624883 -nan(ind)
-6.277438562e+60 -2.59743034 -nan(ind)
-6.277438562e+60 -2.57061033 -nan(ind)
-6.277438562e+60 -2.54440363 -nan(ind)
-6.277438562e+60 -2.5187851 -nan(ind)
-6.277438562e+60 -2.49372563 -nan(ind)
-6.277438562e+60 -2.46919103 -nan(ind)
-6.277438562e+60 -2.44515393 -nan(ind)
-6.277438562e+60 -2.4215914 -nan(ind)
-6.277438562e+60 -2.39847797 -nan(ind)
-6.277438562e+60 -2.37579811 -nan(ind)
-6.277438562e+60 -2.35354931 -nan(ind)
-6.277438562e+60 -2.33173343 -nan(ind)
-6.277438562e+60 -2.31036733 -nan(ind)
-6.277438562e+60 -2.2894829 -nan(ind)
-6.277438562e+60 -2.26911393 -nan(ind)
-6.277438562e+60 -2.24930606 -nan(ind)
-6.277438562e+60 -2.23010776 -nan(ind)
-6.277438562e+60 -2.21156748 -nan(ind)
-6.277438562e+60 -2.19373621 -nan(ind)
-6.277438562e+60 -2.17665568 -nan(ind)
-6.277438562e+60 -2.16036971 -nan(ind)
-6.277438562e+60 -2.14491137 -nan(ind)
-6.277438562e+60 -2.13031349 -nan(ind)
-6.277438562e+60 -2.11660083 -nan(ind)
-6.277438562e+60 -2.10379339 -nan(ind)
-6.277438562e+60 -2.09189953 -nan(ind)
-6.277438562e+60 -2.08093265 -nan(ind)
-6.277438562e+60 -2.07090466 -nan(ind)
-6.277438562e+60 -2.06182144 -nan(ind)
-6.277438562e+60 -2.0536845 -nan(ind)
-6.277438562e+60 -2.04649965 -nan(ind)
-6.277438562e+60 -2.04026916 -nan(ind)
-6.277438562e+60 -2.03499554 -nan(ind)
-6.277438562e+60 -2.03067749 -nan(ind)
-6.277438562e+60 -2.02731906 -nan(ind)
-6.277438562e+60 -2.02492059 -nan(ind)
-6.277438562e+60 -2.02348247 -nan(ind)
-6.277438562e+60 -2.02300465 -nan(ind)
-6.277438562e+60 -0.0384932994 -nan(ind)
-6.277438562e+60 -0.0441124677 -nan(ind)
-6.277438562e+60 -0.050229633 -nan(ind)
-6.277438562e+60 -0.0568513125 -nan(ind)
-6.277438562e+60 -0.0639853493 -nan(ind)
-6.277438562e+60 -0.0716352063 -nan(ind)
-6.277438562e+60 -0.0798056182 -nan(ind)
-6.277438562e+60 -0.0885038716 -nan(ind)
-6.277438562e+60 -0.0977306815 -nan(ind)
-6.277438562e+60 -0.10748729 -nan(ind)
-6.277438562e+60 -0.117776799 -nan(ind)
-6.277438562e+60 -0.128600981 -nan(ind)
-6.277438562e+60 -0.139963674 -nan(ind)
-6.277438562e+60 -0.151869455 -nan(ind)
-6.277438562e+60 -0.16431277 -nan(ind)
-6.277438562e+60 -0.177298985 -nan(ind)
-6.277438562e+60 -0.190828456 -nan(ind)
-6.277438562e+60 -0.204902765 -nan(ind)
-6.277438562e+60 -0.21952305 -nan(ind)
-6.277438562e+60 -0.234689369 -nan(ind)
-6.277438562e+60 -0.250400804 -nan(ind)
-6.277438562e+60 -0.266657025 -nan(ind)
-6.277438562e+60 -0.283459519 -nan(ind)
-6.277438562e+60 -0.300812744 -nan(ind)
94.97489904
3.72139303e-07 -95.0232179 -95.02649655
3.74e-07 -95.0365475 -95.04364165
