0 -1.55704116 -1.053452997
1.86069652e-09 -1.64615062 -1.181759894
3.72139303e-09 -1.7390781 -1.316120845
5.58208955e-09 -1.83588773 -1.455953846
7.44278607e-09 -1.93663699 -1.600585451
9.30348259e-09 -2.04136175 -1.749383149
1.11641791e-08 -2.15010986 -1.901827029
1.30248756e-08 -2.26292305 -2.057351963
1.48855721e-08 -2.37981788 -2.215533582
1.67462687e-08 -2.50082986 -2.376016817
1.86069652e-08 -2.62597677 -2.538567936
2.04676617e-08 -2.75529031 -2.702923889
2.23283582e-08 -2.88879784 -2.868891719
2.41890547e-08 -3.0265285 -3.036290112
2.60497512e-08 -3.16849382 -3.205102775
2.79104478e-08 -3.31470894 -3.375198646
2.97711443e-08 -3.46521322 -3.546590822
3.16318408e-08 -3.62002932 -3.7193214
3.34925373e-08 -3.77917128 -3.893366389
3.53532338e-08 -3.94267335 -4.068800148
3.72139303e-08 -4.11053246 -4.245663423
3.90746269e-08 -4.28277507 -4.424029519
4.09353234e-08 -4.45942946 -4.604033048
4.27960199e-08 -4.64053516 -4.785727159
4.46567164e-08 -4.82610446 -4.969374115
4.65174129e-08 -5.0161398 -5.155079977
4.83781095e-08 -5.21065547 -5.343021894
5.0238806e-08 -5.40967279 -5.533463485
5.20995025e-08 -5.61321325 -5.72655223
5.3960199e-08 -5.82129976 -5.922582414
5.58208955e-08 -6.03395816 -6.121973257
5.7681592e-08 -6.25125045 -6.324912022
5.95422886e-08 -6.47322624 -6.53181404
6.14029851e-08 -6.69992148 -6.743017853
6.32636816e-08 -6.93133358 -6.958868571
6.51243781e-08 -7.1674726 -7.179654175
6.69850746e-08 -7.40837233 -7.405683978
6.88457711e-08 -7.6540939 -7.637277921
7.07064677e-08 -7.9046888 -7.874708653
7.25671642e-08 -8.16019519 -8.118226041
7.44278607e-08 -8.42061677 -8.367906829
7.62885572e-08 -8.68596865 -8.623951183
7.81492537e-08 -8.95627594 -8.886383891
8.00099502e-08 -9.23156382 -9.155346765
8.18706468e-08 -9.51188581 -9.430795069
8.37313433e-08 -9.79730663 -9.7128526
8.55920398e-08 -10.0878787 -10.00153491
8.74527363e-08 -10.3836467 -10.29679463
8.93134328e-08 -10.684651 -10.59857555
9.11741294e-08 -10.990937 -10.90685114
9.30348259e-08 -11.3025414 -11.22161321
9.48955224e-08 -11.6195068 -11.54275713
9.67562189e-08 -11.9418592 -11.87024125
9.86169154e-08 -12.2696448 -12.20402862
1.00477612e-07 -12.6029382 -12.54417042
1.02338308e-07 -12.9418029 -12.89063261
1.04199005e-07 -13.286296 -13.24347343
1.06059701e-07 -13.6364764 -13.60268664
1.07920398e-07 -13.992408 -13.96818948
1.09781095e-07 -14.3541496 -14.34013943
1.11641791e-07 -14.7217544 -14.71835067
1.13502488e-07 -15.0952851 -15.10280112
1.15363184e-07 -15.4747996 -15.49347724
1.17223881e-07 -15.8603561 -15.89017903
1.19084577e-07 -16.2520307 -16.29286311
1.20945274e-07 -16.6498915 -16.70132347
1.2280597e-07 -17.0540122 -17.11539859
1.24666667e-07 -17.4644637 -17.53493183
1.26527363e-07 -17.8813282 -17.95979132
1.2838806e-07 -18.3047254 -18.38969647
1.30248756e-07 -18.7346773 -18.82447783
1.32109453e-07 -19.1712376 -19.26399886
1.33970149e-07 -19.6145027 -19.70819017
1.35830846e-07 -20.064566 -20.15692594
1.37691542e-07 -20.5215018 -20.61023326
1.39552239e-07 -20.9853695 -21.06820881
1.41412935e-07 -21.456236 -21.53098481
1.43273632e-07 -21.9341556 -21.99879096
1.45134328e-07 -22.4191711 -22.47189476
1.46995025e-07 -22.9113158 -22.95068294
1.48855721e-07 -23.410595 -23.4355464
1.50716418e-07 -23.9169733 -23.92697515
1.52577114e-07 -24.4303933 -24.42526663
1.54437811e-07 -24.9507524 -24.93090402
1.56298507e-07 -25.4778818 -25.44417203
1.58159204e-07 -26.0115639 -25.9652452
1.600199e-07 -26.5514706 -26.49412979
1.61880597e-07 -27.0972276 -27.03069262
1.63741294e-07 -27.6483763 -27.57465586
1.6560199e-07 -28.2044064 -28.12558753
1.67462687e-07 -28.7647472 -28.68284111
1.69323383e-07 -29.3287976 -29.24569228
1.7118408e-07 -29.8959497 -29.81338308
1.73044776e-07 -30.4656273 -30.38518818
1.74905473e-07 -31.0372899 -30.96031694
1.76766169e-07 -31.6104429 -31.53807375
1.78626866e-07 -32.1846231 -32.11780914
1.80487562e-07 -32.7594158 -32.69896441
1.82348259e-07 -33.3344431 -33.28104423
1.84208955e-07 -33.9093944 -33.86352959
1.86069652e-07 -34.4840291 -34.44616765
1.87930348e-07 -35.0581543 -35.02856245
1.89791045e-07 -35.6316489 -35.61058249
1.91651741e-07 -36.2044446 -36.19203382
1.93512438e-07 -36.776506 -36.77282401
1.95373134e-07 -37.347844 -37.3528406
1.97233831e-07 -37.9185012 -37.93211339
1.99094527e-07 -38.4885668 -38.51063283
2.00955224e-07 -39.0581399 -39.08839604
2.0281592e-07 -39.6273292 -39.66543421
2.04676617e-07 -40.1962527 -40.24177838
2.06537313e-07 -40.7650509 -40.81750288
2.0839801e-07 -41.333866 -41.39258824
2.10258706e-07 -41.90283 -41.96709072
2.12119403e-07 -42.4720808 -42.54108386
2.139801e-07 -43.0417536 -43.11458955
2.15840796e-07 -43.6119852 -43.687582
2.17701493e-07 -44.1829314 -44.26014382
2.19562189e-07 -44.7547343 -44.83234641
2.21422886e-07 -45.3275486 -45.40421857
2.23283582e-07 -45.9015344 -45.97586203
2.25144279e-07 -46.4768719 -46.54740529
2.27004975e-07 -47.0537109 -47.11888511
2.28865672e-07 -47.632184 -47.69054318
2.30726368e-07 -48.2124828 -48.26251341
2.32587065e-07 -48.7947933 -48.83501789
2.34447761e-07 -49.3792757 -49.40833431
2.36308458e-07 -49.9661129 -49.98280765
2.38169154e-07 -50.5554924 -50.55873325
2.40029851e-07 -51.1476365 -51.13652265
2.41890547e-07 -51.7427175 -51.71668508
2.43751244e-07 -52.3409691 -52.29974551
2.4561194e-07 -52.9426512 -52.88626159
2.47472637e-07 -53.5479309 -53.47692835
2.49333333e-07 -54.1571691 -54.07239363
2.5119403e-07 -54.7705348 -54.67337597
2.53054726e-07 -55.3883482 -55.28055315
2.54915423e-07 -56.0108065 -55.89476622
2.56776119e-07 -56.6382443 -56.5166487
2.58636816e-07 -57.2708045 -57.14683938
2.60497512e-07 -57.9090312 -57.78603066
2.62358209e-07 -58.5532253 -58.43459761
2.64218905e-07 -59.2032461 -59.09291292
2.66079602e-07 -59.8598773 -59.7612745
2.67940299e-07 -60.5231111 -60.43979414
2.69800995e-07 -61.1933802 -61.12855385
2.71661692e-07 -61.8708999 -61.82749971
2.73522388e-07 -62.5564153 -62.5362882
2.75383085e-07 -63.2496189 -63.25456958
2.77243781e-07 -63.9511286 -63.98197244
2.79104478e-07 -64.6609019 -64.71784308
2.80965174e-07 -65.3795047 -65.46149456
2.82825871e-07 -66.1064253 -66.21237548
2.84686567e-07 -66.8425746 -66.96961476
2.86547264e-07 -67.5878597 -67.73257756
2.8840796e-07 -68.3414289 -68.5005403
2.90268657e-07 -69.103412 -69.27266781
2.92129353e-07 -69.8749552 -70.04827906
2.9399005e-07 -70.6536942 -70.82671831
2.95850746e-07 -71.4409542 -71.6074038
2.97711443e-07 -72.2352656 -72.38982084
2.99572139e-07 -73.0367207 -73.17346117
3.01432836e-07 -73.8436591 -73.95799244
3.03293532e-07 -74.6553302 -74.74308508
3.05154229e-07 -75.4704188 -75.52859266
3.07014925e-07 -76.2888252 -76.31425746
3.08875622e-07 -77.1075502 -77.09974677
3.10736318e-07 -77.92636 -77.88480183
3.12597015e-07 -78.7446406 -78.66911977
3.14457711e-07 -79.5579084 -79.45214505
3.16318408e-07 -80.3666695 -80.23316302
3.18179104e-07 -81.1679532 -81.01132482
3.20039801e-07 -81.9578185 -81.7855745
3.21900498e-07 -82.7356279 -82.55465065
3.23761194e-07 -83.5004896 -83.31698136
3.25621891e-07 -84.2493252 -84.07097531
3.27482587e-07 -84.9815959 -84.81478289
3.29343284e-07 -85.6955789 -85.5461886
3.3120398e-07 -86.3890319 -86.26302695
3.33064677e-07 -87.0617832 -86.96285418
3.34925373e-07 -87.7139543 -87.64327671
3.3678607e-07 -88.3435263 -88.30192902
3.38646766e-07 -88.9524006 -88.93669702
3.40507463e-07 -89.5355972 -89.54562496
3.42368159e-07 -90.0936246 -90.12700082
3.44228856e-07 -90.6278268 -90.67928111
3.46089552e-07 -91.1335355 -91.20116503
3.47950249e-07 -91.6164448 -91.69163389
3.49810945e-07 -92.0708794 -92.1499732
3.51671642e-07 -92.4966481 -92.57567807
3.53532338e-07 -92.8909939 -92.96825652
3.55393035e-07 -93.2519176 -93.32742752
3.57253731e-07 -93.5884936 -93.65278486
3.59114428e-07 -93.891117 -93.94423066
3.60975124e-07 -94.1621556 -94.201643
3.62835821e-07 -94.3916995 -94.42487773
3.64696517e-07 -94.587909 -94.61391412
3.66557214e-07 -94.7528603 -94.76856572
3.6841791e-07 -94.8759147 -94.88891904
3.70278607e-07 -94.9679913 -94.97489898
3.72139303e-07 -95.0232179 -95.02649649
3.74e-07 -95.0365475 -95.04364159
