0 0 -1.053452998
1.86069652e-09 0 -1.181759895
3.72139303e-09 0 -1.316120845
5.58208955e-09 0 -1.455953847
7.44278607e-09 0 -1.600585452
9.30348259e-09 0 -1.74938315
1.11641791e-08 0 -1.90182703
1.30248756e-08 0 -2.057351964
1.48855721e-08 0 -2.215533584
1.67462687e-08 0 -2.376016819
1.86069652e-08 0 -2.538567938
2.04676617e-08 0 -2.702923891
2.23283582e-08 0 -2.868891721
2.41890547e-08 0 -3.036290115
2.60497512e-08 0 -3.205102777
2.79104478e-08 0 -3.375198649
2.97711443e-08 0 -3.546590825
3.16318408e-08 0 -3.719321403
3.34925373e-08 0 -3.893366392
3.53532338e-08 0 -4.068800152
3.72139303e-08 0 -4.245663427
3.90746269e-08 0 -4.424029523
4.09353234e-08 0 -4.604033052
4.27960199e-08 0 -4.785727163
4.46567164e-08 0 -4.969374119
4.65174129e-08 0 -5.155079982
4.83781095e-08 0 -5.343021899
5.0238806e-08 0 -5.533463491
5.20995025e-08 0 -5.726552236
5.3960199e-08 0 -5.92258242
5.58208955e-08 0 -6.121973263
5.7681592e-08 0 -6.324912028
5.95422886e-08 0 -6.531814047
6.14029851e-08 0 -6.743017861
6.32636816e-08 0 -6.958868579
6.51243781e-08 0 -7.179654183
6.69850746e-08 0 -7.405683987
6.88457711e-08 0 -7.637277929
7.07064677e-08 0 -7.874708662
7.25671642e-08 0 -8.118226051
7.44278607e-08 0 -8.367906839
7.62885572e-08 0 -8.623951193
7.81492537e-08 0 -8.886383902
8.00099502e-08 0 -9.155346776
8.18706468e-08 0 -9.430795081
8.37313433e-08 0 -9.712852612
8.55920398e-08 0 -10.00153492
8.74527363e-08 0 -10.29679464
8.93134328e-08 0 -10.59857556
9.11741294e-08 0 -10.90685115
9.30348259e-08 0 -11.22161322
9.48955224e-08 0 -11.54275715
9.67562189e-08 0 -11.87024127
9.86169154e-08 0 -12.20402864
1.00477612e-07 0 -12.54417044
1.02338308e-07 0 -12.89063263
1.04199005e-07 0 -13.24347345
1.06059701e-07 0 -13.60268666
1.07920398e-07 0 -13.9681895
1.09781095e-07 0 -14.34013945
1.11641791e-07 0 -14.71835069
1.13502488e-07 0 -15.10280114
1.15363184e-07 0 -15.49347726
1.17223881e-07 0 -15.89017905
1.19084577e-07 0 -16.29286313
1.20945274e-07 0 -16.7013235
1.2280597e-07 0 -17.11539862
1.24666667e-07 0 -17.53493185
1.26527363e-07 0 -17.95979135
1.2838806e-07 0 -18.38969649
1.30248756e-07 0 -18.82447786
1.32109453e-07 0 -19.26399888
1.33970149e-07 0 -19.7081902
1.35830846e-07 0 -20.15692597
1.37691542e-07 0 -20.61023329
1.39552239e-07 0 -21.06820883
1.41412935e-07 0 -21.53098484
1.43273632e-07 0 -21.99879098
1.45134328e-07 0 -22.47189479
1.46995025e-07 0 -22.95068297
1.48855721e-07 0 -23.43554643
1.50716418e-07 0 -23.92697518
1.52577114e-07 0 -24.42526666
1.54437811e-07 0 -24.93090405
1.56298507e-07 0 -25.44417206
1.58159204e-07 0 -25.96524523
1.600199e-07 0 -26.49412982
1.61880597e-07 0 -27.03069265
1.63741294e-07 0 -27.57465589
1.6560199e-07 0 -28.12558756
1.67462687e-07 0 -28.68284114
1.69323383e-07 0 -29.24569232
1.7118408e-07 0 -29.81338311
1.73044776e-07 0 -30.38518821
1.74905473e-07 0 -30.96031697
1.76766169e-07 0 -31.53807378
1.78626866e-07 0 -32.11780917
1.80487562e-07 0 -32.69896444
1.82348259e-07 0 -33.28104426
1.84208955e-07 0 -33.86352963
1.86069652e-07 0 -34.44616768
1.87930348e-07 0 -35.02856249
1.89791045e-07 0 -35.61058252
1.91651741e-07 0 -36.19203385
1.93512438e-07 0 -36.77282404
1.95373134e-07 0 -37.35284064
1.97233831e-07 0 -37.93211343
1.99094527e-07 0 -38.51063286
2.00955224e-07 0 -39.08839608
2.0281592e-07 0 -39.66543424
2.04676617e-07 0 -40.24177842
2.06537313e-07 0 -40.81750291
2.0839801e-07 0 -41.39258827
2.10258706e-07 0 -41.96709075
2.12119403e-07 0 -42.5410839
2.139801e-07 0 -43.11458959
2.15840796e-07 0 -43.68758204
2.17701493e-07 0 -44.26014386
2.19562189e-07 0 -44.83234644
2.21422886e-07 0 -45.40421861
2.23283582e-07 0 -45.97586207
2.25144279e-07 0 -46.54740532
2.27004975e-07 0 -47.11888515
2.28865672e-07 0 -47.69054322
2.30726368e-07 0 -48.26251345
2.32587065e-07 0 -48.83501793
2.34447761e-07 0 -49.40833435
2.36308458e-07 0 -49.98280769
2.38169154e-07 0 -50.55873328
2.40029851e-07 0 -51.13652269
2.41890547e-07 0 -51.71668512
2.43751244e-07 0 -52.29974555
2.4561194e-07 0 -52.88626163
2.47472637e-07 0 -53.47692839
2.49333333e-07 0 -54.07239367
2.5119403e-07 0 -54.67337601
2.53054726e-07 0 -55.2805532
2.54915423e-07 0 -55.89476626
2.56776119e-07 0 -56.51664874
2.58636816e-07 0 -57.14683942
2.60497512e-07 0 -57.7860307
2.62358209e-07 0 -58.43459765
2.64218905e-07 0 -59.09291297
2.66079602e-07 0 -59.76127454
2.67940299e-07 0 -60.43979419
2.69800995e-07 0 -61.12855389
2.71661692e-07 0 -61.82749976
2.73522388e-07 0 -62.53628825
2.75383085e-07 0 -63.25456963
2.77243781e-07 0 -63.98197248
2.79104478e-07 0 -64.71784312
2.80965174e-07 0 -65.4614946
2.82825871e-07 0 -66.21237553
2.84686567e-07 0 -66.9696148
2.86547264e-07 0 -67.73257761
2.8840796e-07 0 -68.50054034
2.90268657e-07 0 -69.27266785
2.92129353e-07 0 -70.04827911
2.9399005e-07 0 -70.82671835
2.95850746e-07 0 -71.60740385
2.97711443e-07 0 -72.38982089
2.99572139e-07 0 -73.17346122
3.01432836e-07 0 -73.95799249
3.03293532e-07 0 -74.74308513
3.05154229e-07 0 -75.52859271
3.07014925e-07 0 -76.31425751
3.08875622e-07 0 -77.09974682
3.10736318e-07 0 -77.88480188
3.12597015e-07 0 -78.66911982
3.14457711e-07 0 -79.4521451
3.16318408e-07 0 -80.23316307
3.18179104e-07 0 -81.01132487
3.20039801e-07 0 -81.78557455
3.21900498e-07 0 -82.5546507
3.23761194e-07 0 -83.31698141
3.25621891e-07 0 -84.07097536
3.27482587e-07 0 -84.81478295
3.29343284e-07 0 -85.54618865
3.3120398e-07 0 -86.263027
3.33064677e-07 0 -86.96285424
3.34925373e-07 0 -87.64327676
3.3678607e-07 0 -88.30192907
3.38646766e-07 0 -88.93669708
3.40507463e-07 0 -89.54562501
3.42368159e-07 0 -90.12700088
3.44228856e-07 0 -90.67928116
3.46089552e-07 0 -91.20116509
3.47950249e-07 0 -91.69163394
3.49810945e-07 0 -92.14997326
3.51671642e-07 0 -92.57567812
3.53532338e-07 0 -92.96825658
3.55393035e-07 0 -93.32742758
3.57253731e-07 0 -93.65278492
3.59114428e-07 0 -93.94423072
3.60975124e-07 0 -94.20164306
3.62835821e-07 0 -94.42487779
3.64696517e-07 0 -94.61391418
3.66557214e-07 0 -94.76856578
3.6841791e-07 0 -94.8889191
3.70278607e-07 0 -94.97489904
3.72139303e-07 0 -95.02649655
3.74e-07 0 -95.04364165
