0 -1.55704116 -1.056103575
1.86069652e-09 -1.64615062 -1.184589001
3.72139303e-09 -1.7390781 -1.319094866
5.58208955e-09 -1.83588773 -1.459036467
7.44278607e-09 -1.93663699 -1.603736269
9.30348259e-09 -2.04136175 -1.752558009
1.11641791e-08 -2.15010986 -1.904982198
1.30248756e-08 -2.26292305 -2.060440968
1.48855721e-08 -2.37981788 -2.218511626
1.67462687e-08 -2.50082986 -2.378841764
1.86069652e-08 -2.62597677 -2.54119991
2.04676617e-08 -2.75529031 -2.705329324
2.23283582e-08 -2.88879784 -2.871038792
2.41890547e-08 -3.0265285 -3.038150568
2.60497512e-08 -3.16849382 -3.20665801
2.79104478e-08 -3.31470894 -3.376430246
2.97711443e-08 -3.46521322 -3.547486105
3.16318408e-08 -3.62002932 -3.719874944
3.34925373e-08 -3.77917128 -3.89357453
3.53532338e-08 -3.94267335 -4.068663164
3.72139303e-08 -4.11053246 -4.24518625
3.90746269e-08 -4.28277507 -4.423219698
4.09353234e-08 -4.45942946 -4.602901062
4.27960199e-08 -4.64053516 -4.784287523
4.46567164e-08 -4.82610446 -4.967646374
4.65174129e-08 -5.0161398 -5.153085797
4.83781095e-08 -5.21065547 -5.340783476
5.0238806e-08 -5.40967279 -5.531007563
5.20995025e-08 -5.61321325 -5.723908261
5.3960199e-08 -5.82129976 -5.919782358
5.58208955e-08 -6.03395816 -6.119056573
5.7681592e-08 -6.25125045 -6.321915592
5.95422886e-08 -6.47322624 -6.528782383
6.14029851e-08 -6.69992148 -6.739997163
6.32636816e-08 -6.93133358 -6.955908553
6.51243781e-08 -7.1674726 -7.176804317
6.69850746e-08 -7.40837233 -7.402997266
6.88457711e-08 -7.6540939 -7.634806199
7.07064677e-08 -7.9046888 -7.872504913
7.25671642e-08 -8.16019519 -8.116343688
7.44278607e-08 -8.42061677 -8.366394758
7.62885572e-08 -8.68596865 -8.622853284
7.81492537e-08 -8.95627594 -8.88573949
8.00099502e-08 -9.23156382 -9.155190694
8.18706468e-08 -9.51188581 -9.431154709
8.37313433e-08 -9.79730663 -9.713746806
8.55920398e-08 -10.0878787 -10.00297351
8.74527363e-08 -10.3836467 -10.29877654
8.93134328e-08 -10.684651 -10.601089
9.11741294e-08 -10.990937 -10.90987431
9.30348259e-08 -11.3025414 -11.22511141
9.48955224e-08 -11.6195068 -11.54668288
9.67562189e-08 -11.9418592 -11.87453621
9.86169154e-08 -12.2696448 -12.20862493
1.00477612e-07 -12.6029382 -12.54899047
1.02338308e-07 -12.9418029 -12.89559097
1.04199005e-07 -13.286296 -13.24847733
1.06059701e-07 -13.6364764 -13.60763664
1.07920398e-07 -13.992408 -13.97298365
1.09781095e-07 -14.3541496 -14.34467274
1.11641791e-07 -14.7217544 -14.72251675
1.13502488e-07 -15.0952851 -15.10649485
1.15363184e-07 -15.4747996 -15.49659841
1.17223881e-07 -15.8603561 -15.89262897
1.19084577e-07 -16.2520307 -16.29455046
1.20945274e-07 -16.6498915 -16.70216571
1.2280597e-07 -17.0540122 -17.11532363
1.24666667e-07 -17.4644637 -17.53387983
1.26527363e-07 -17.8813282 -17.95771712
1.2838806e-07 -18.3047254 -18.38657046
1.30248756e-07 -18.7346773 -18.82028897
1.32109453e-07 -19.1712376 -19.25875745
1.33970149e-07 -19.6145027 -19.70192872
1.35830846e-07 -20.064566 -20.14969957
1.37691542e-07 -20.5215018 -20.60212175
1.39552239e-07 -20.9853695 -21.05931806
1.41412935e-07 -21.456236 -21.52144594
1.43273632e-07 -21.9341556 -21.98876272
1.45134328e-07 -22.4191711 -22.46156105
1.46995025e-07 -22.9113158 -22.94025124
1.48855721e-07 -23.410595 -23.42524762
1.50716418e-07 -23.9169733 -23.91706104
1.52577114e-07 -24.4303933 -24.41600469
1.54437811e-07 -24.9507524 -24.92257332
1.56298507e-07 -25.4778818 -25.43706254
1.58159204e-07 -26.0115639 -25.95964436
1.600199e-07 -26.5514706 -26.49031487
1.61880597e-07 -27.0972276 -27.02892142
1.63741294e-07 -27.6483763 -27.57516107
1.6560199e-07 -28.2044064 -28.12856715
1.67462687e-07 -28.7647472 -28.68844954
1.69323383e-07 -29.3287976 -29.25403271
1.7118408e-07 -29.8959497 -29.82450049
1.73044776e-07 -30.4656273 -30.39906867
1.74905473e-07 -31.0372899 -30.97688237
1.76766169e-07 -31.6104429 -31.5571806
1.78626866e-07 -32.1846231 -32.1392466
1.80487562e-07 -32.7594158 -32.72244944
1.82348259e-07 -33.3344431 -33.30622761
1.84208955e-07 -33.9093944 -33.88999629
1.86069652e-07 -34.4840291 -34.47344623
1.87930348e-07 -35.0581543 -35.05613585
1.89791045e-07 -35.6316489 -35.63789985
1.91651741e-07 -36.2044446 -36.21852556
1.93512438e-07 -36.776506 -36.797915
1.95373134e-07 -37.347844 -37.37596381
1.97233831e-07 -37.9185012 -37.95272351
1.99094527e-07 -38.4885668 -38.52822262
2.00955224e-07 -39.0581399 -39.10250887
2.0281592e-07 -39.6273292 -39.67566913
2.04676617e-07 -40.1962527 -40.24779782
2.06537313e-07 -40.7650509 -40.81904703
2.0839801e-07 -41.333866 -41.38947741
2.10258706e-07 -41.90283 -41.95923021
2.12119403e-07 -42.4720808 -42.52846871
2.139801e-07 -43.0417536 -43.09730094
2.15840796e-07 -43.6119852 -43.66578805
2.17701493e-07 -44.1829314 -44.2341012
2.19562189e-07 -44.7547343 -44.8023937
2.21422886e-07 -45.3275486 -45.37076937
2.23283582e-07 -45.9015344 -45.93940186
2.25144279e-07 -46.4768719 -46.50847928
2.27004975e-07 -47.0537109 -47.07808764
2.28865672e-07 -47.632184 -47.64850218
2.30726368e-07 -48.2124828 -48.21988674
2.32587065e-07 -48.7947933 -48.79248324
2.34447761e-07 -49.3792757 -49.36657492
2.36308458e-07 -49.9661129 -49.94250085
2.38169154e-07 -50.5554924 -50.52053941
2.40029851e-07 -51.1476365 -51.10107673
2.41890547e-07 -51.7427175 -51.68457793
2.43751244e-07 -52.3409691 -52.27151358
2.4561194e-07 -52.9426512 -52.86238012
2.47472637e-07 -53.5479309 -53.45780075
2.49333333e-07 -54.1571691 -54.05834495
2.5119403e-07 -54.7705348 -54.66464142
2.53054726e-07 -55.3883482 -55.27727761
2.54915423e-07 -56.0108065 -55.89700181
2.56776119e-07 -56.6382443 -56.52434249
2.58636816e-07 -57.2708045 -57.15984262
2.60497512e-07 -57.9090312 -57.80409825
2.62358209e-07 -58.5532253 -58.45739772
2.64218905e-07 -59.2032461 -59.12003307
2.66079602e-07 -59.8598773 -59.79222589
2.67940299e-07 -60.5231111 -60.47402382
2.69800995e-07 -61.1933802 -61.16544959
2.71661692e-07 -61.8708999 -61.86640389
2.73522388e-07 -62.5564153 -62.57651082
2.75383085e-07 -63.2496189 -63.29539998
2.77243781e-07 -63.9511286 -64.02269457
2.79104478e-07 -64.6609019 -64.75774542
2.80965174e-07 -65.3795047 -65.49988639
2.82825871e-07 -66.1064253 -66.24859919
2.84686567e-07 -66.8425746 -67.00305344
2.86547264e-07 -67.5878597 -67.76267651
2.8840796e-07 -68.3414289 -68.52681536
2.90268657e-07 -69.103412 -69.29471522
2.92129353e-07 -69.8749552 -70.06579196
2.9399005e-07 -70.6536942 -70.83949274
2.95850746e-07 -71.4409542 -71.61534754
2.97711443e-07 -72.2352656 -72.39295408
2.99572139e-07 -73.0367207 -73.17190315
3.01432836e-07 -73.8436591 -73.95197511
3.03293532e-07 -74.6553302 -74.73293557
3.05154229e-07 -75.4704188 -75.51472353
3.07014925e-07 -76.2888252 -76.2971499
3.08875622e-07 -77.1075502 -77.07992982
3.10736318e-07 -77.92636 -77.86284225
3.12597015e-07 -78.7446406 -78.64559925
3.14457711e-07 -79.5579084 -79.42762829
3.16318408e-07 -80.3666695 -80.20818834
3.18179104e-07 -81.1679532 -80.98638677
3.20039801e-07 -81.9578185 -81.76111587
3.21900498e-07 -82.7356279 -82.53105188
3.23761194e-07 -83.5004896 -83.29456315
3.25621891e-07 -84.2493252 -84.04999903
3.27482587e-07 -84.9815959 -84.7954557
3.29343284e-07 -85.6955789 -85.52866772
3.3120398e-07 -86.3890319 -86.24742556
3.33064677e-07 -87.0617832 -86.94924327
3.34925373e-07 -87.7139543 -87.63169417
3.3678607e-07 -88.3435263 -88.29238064
3.38646766e-07 -88.9524006 -88.92916607
3.40507463e-07 -89.5355972 -89.54007179
3.42368159e-07 -90.0936246 -90.12336996
3.44228856e-07 -90.6278268 -90.67750325
3.46089552e-07 -91.1335355 -91.20115976
3.47950249e-07 -91.6164448 -91.69330968
3.49810945e-07 -92.0708794 -92.15323587
3.51671642e-07 -92.4966481 -92.58042633
3.53532338e-07 -92.8909939 -92.97438326
3.55393035e-07 -93.2519176 -93.33482824
3.57253731e-07 -93.5884936 -93.66134523
3.59114428e-07 -93.891117 -93.9538362
3.60975124e-07 -94.1621556 -94.21217801
3.62835821e-07 -94.3916995 -94.43622346
3.64696517e-07 -94.587909 -94.62595009
3.66557214e-07 -94.7528603 -94.78116757
3.6841791e-07 -94.8759147 -94.90196356
3.70278607e-07 -94.9679913 -94.98826077
3.72139303e-07 -95.0232179 -95.040049
3.74e-07 -95.0365475 -95.05725672
